const height = [
    126165,
    172800,
    228503,
    245459,
    251364,
    254960,
    262567,
    271787,
    272818,
    279727,
    292357,
    1025633,
    1027624,
    1032773,
    1164233,
    1277445,
    1296000,
    1925427,
    1925738,
    1987200,
    2012135,
    2012142,
    2022835,
    2061361,
    2073600,
    2084270,
    2110141,
    2246400,
    2332800,
    2391998,
    2400170,
    2419200,
    2462548,
    2505600,
    2520168,
    2561636,
    2592000,
    2659367,
    2678400,
    2695740,
    2717712,
    2733766,
    2760053,
    2760987,
    2764800,
    2859256,
    2908368,
    2940693,
    2984297,
    3017730,
    3024000,
    3056086,
    3057302,
    3110400,
    3168565,
    3196800,
    3212286,
    3268469,
    3283200,
    3313193,
    3445964,
    3542400,
    3573002,
    3597725,
    3604245,
    3609791,
    3628800,
    3715200,
    3756774,
    3784440,
    3799338,
    3888000,
    4046810,
    4086121,
    4147200,
    4169647,
    4220350,
    4233274,
    4233600,
    4320000,
    4458687,
    4492800,
    4500951,
    4556383,
    4579200,
    4698096,
    4784190,
    4801439,
    4924800,
    5047572,
    5136818,
    5144703,
    5176799,
    5184000,
    5193084,
    5245796,
    5270400,
    5356800,
    5433475,
    5443854,
    5529600
]